NACA 4415
1.000208 0.001561
1.000147 0.001580
0.999965 0.001638
0.999660 0.001733
0.999234 0.001867
0.998687 0.002039
0.998018 0.002249
0.997227 0.002496
0.996316 0.002781
0.995284 0.003104
0.994130 0.003463
0.992857 0.003860
0.991463 0.004292
0.989949 0.004761
0.988316 0.005266
0.986563 0.005807
0.984692 0.006382
0.982702 0.006992
0.980593 0.007636
0.978368 0.008314
0.976025 0.009025
0.973565 0.009769
0.970990 0.010545
0.968299 0.011352
0.965492 0.012190
0.962572 0.013059
0.959537 0.013957
0.956390 0.014884
0.953130 0.015840
0.949759 0.016823
0.946276 0.017833
0.942684 0.018870
0.938981 0.019932
0.935171 0.021018
0.931252 0.022129
0.927227 0.023263
0.923096 0.024419
0.918859 0.025597
0.914519 0.026796
0.910075 0.028015
0.905529 0.029253
0.900882 0.030509
0.896135 0.031783
0.891289 0.033073
0.886345 0.034379
0.881304 0.035700
0.876167 0.037035
0.870936 0.038383
0.865612 0.039743
0.860196 0.041115
0.854689 0.042497
0.849092 0.043889
0.843407 0.045289
0.837635 0.046697
0.831778 0.048112
0.825836 0.049533
0.819812 0.050959
0.813706 0.052389
0.807520 0.053823
0.801256 0.055258
0.794915 0.056696
0.788498 0.058133
0.782007 0.059571
0.775444 0.061007
0.768810 0.062441
0.762106 0.063872
0.755335 0.065299
0.748498 0.066721
0.741596 0.068138
0.734632 0.069548
0.727606 0.070951
0.720521 0.072345
0.713379 0.073730
0.706180 0.075105
0.698928 0.076469
0.691623 0.077822
0.684267 0.079162
0.676863 0.080488
0.669412 0.081800
0.661915 0.083097
0.654376 0.084378
0.646795 0.085643
0.639174 0.086889
0.631516 0.088118
0.623822 0.089327
0.616094 0.090516
0.608335 0.091685
0.600546 0.092831
0.592728 0.093956
0.584885 0.095058
0.577018 0.096135
0.569129 0.097188
0.561220 0.098216
0.553293 0.099218
0.545350 0.100193
0.537393 0.101141
0.529424 0.102060
0.521446 0.102951
0.513460 0.103812
0.505468 0.104644
0.497472 0.105444
0.489475 0.106213
0.481479 0.106951
0.473485 0.107655
0.465495 0.108327
0.457513 0.108965
0.449540 0.109568
0.441577 0.110137
0.433628 0.110671
0.425693 0.111169
0.417776 0.111631
0.409879 0.112056
0.402003 0.112445
0.394034 0.112791
0.386050 0.113082
0.378093 0.113318
0.370166 0.113499
0.362270 0.113624
0.354408 0.113694
0.346582 0.113708
0.338795 0.113666
0.331049 0.113570
0.323346 0.113418
0.315688 0.113210
0.308078 0.112948
0.300517 0.112632
0.293009 0.112261
0.285555 0.111836
0.278157 0.111358
0.270818 0.110826
0.263540 0.110242
0.256325 0.109606
0.249175 0.108919
0.242092 0.108181
0.235079 0.107393
0.228137 0.106555
0.221268 0.105668
0.214474 0.104734
0.207758 0.103752
0.201121 0.102725
0.194566 0.101652
0.188093 0.100534
0.181706 0.099373
0.175405 0.098170
0.169193 0.096925
0.163071 0.095640
0.157042 0.094316
0.151106 0.092954
0.145265 0.091554
0.139522 0.090119
0.133877 0.088649
0.128332 0.087146
0.122889 0.085611
0.117549 0.084045
0.112314 0.082449
0.107185 0.080825
0.102163 0.079174
0.097249 0.077497
0.092445 0.075796
0.087753 0.074072
0.083172 0.072325
0.078705 0.070559
0.074352 0.068773
0.070115 0.066970
0.065994 0.065150
0.061991 0.063315
0.058106 0.061467
0.054340 0.059605
0.050695 0.057733
0.047170 0.055851
0.043767 0.053960
0.040487 0.052061
0.037329 0.050156
0.034295 0.048247
0.031386 0.046333
0.028601 0.044417
0.025941 0.042499
0.023408 0.040581
0.021001 0.038663
0.018720 0.036747
0.016566 0.034833
0.014540 0.032924
0.012641 0.031018
0.010871 0.029118
0.009228 0.027224
0.007714 0.025338
0.006328 0.023459
0.005070 0.021588
0.003941 0.019727
0.002941 0.017875
0.002070 0.016034
0.001327 0.014204
0.000712 0.012385
0.000227 0.010578
-0.000131 0.008783
-0.000360 0.007000
-0.000462 0.005230
-0.000435 0.003474
-0.000281 0.001730
0.000000 0.000000
0.000406 -0.001705
0.000934 -0.003374
0.001583 -0.005006
0.002353 -0.006602
0.003245 -0.008161
0.004256 -0.009684
0.005387 -0.011169
0.006638 -0.012619
0.008007 -0.014031
0.009494 -0.015407
0.011099 -0.016747
0.012820 -0.018050
0.014658 -0.019316
0.016611 -0.020547
0.018679 -0.021740
0.020861 -0.022898
0.023156 -0.024019
0.025564 -0.025104
0.028083 -0.026153
0.030713 -0.027166
0.033452 -0.028143
0.036301 -0.029085
0.039258 -0.029990
0.042322 -0.030861
0.045492 -0.031696
0.048767 -0.032497
0.052147 -0.033262
0.055630 -0.033993
0.059215 -0.034689
0.062901 -0.035351
0.066687 -0.035979
0.070573 -0.036573
0.074556 -0.037134
0.078636 -0.037662
0.082812 -0.038157
0.087083 -0.038619
0.091448 -0.039050
0.095904 -0.039448
0.100452 -0.039815
0.105090 -0.040152
0.109817 -0.040457
0.114632 -0.040733
0.119534 -0.040978
0.124521 -0.041195
0.129592 -0.041383
0.134746 -0.041542
0.139981 -0.041674
0.145298 -0.041779
0.150694 -0.041858
0.156168 -0.041910
0.161719 -0.041937
0.167345 -0.041940
0.173046 -0.041918
0.178820 -0.041873
0.184666 -0.041805
0.190583 -0.041716
0.196569 -0.041605
0.202624 -0.041473
0.208745 -0.041322
0.214932 -0.041152
0.221183 -0.040963
0.227497 -0.040757
0.233873 -0.040534
0.240309 -0.040296
0.246804 -0.040042
0.253357 -0.039775
0.259967 -0.039494
0.266632 -0.039201
0.273350 -0.038896
0.280121 -0.038580
0.286943 -0.038255
0.293815 -0.037921
0.300735 -0.037578
0.307702 -0.037229
0.314715 -0.036874
0.321772 -0.036513
0.328872 -0.036147
0.336012 -0.035779
0.343193 -0.035407
0.350413 -0.035034
0.357669 -0.034660
0.364961 -0.034286
0.372286 -0.033913
0.379645 -0.033542
0.387034 -0.033173
0.394453 -0.032807
0.401939 -0.032446
0.409567 -0.032077
0.417219 -0.031699
0.424893 -0.031311
0.432586 -0.030915
0.440298 -0.030510
0.448026 -0.030097
0.455768 -0.029678
0.463523 -0.029252
0.471289 -0.028820
0.479064 -0.028383
0.486847 -0.027941
0.494635 -0.027495
0.502426 -0.027045
0.510219 -0.026592
0.518011 -0.026137
0.525802 -0.025679
0.533588 -0.025220
0.541369 -0.024760
0.549142 -0.024300
0.556905 -0.023839
0.564657 -0.023378
0.572396 -0.022918
0.580119 -0.022459
0.587825 -0.022002
0.595512 -0.021546
0.603178 -0.021093
0.610822 -0.020642
0.618440 -0.020193
0.626032 -0.019748
0.633596 -0.019307
0.641129 -0.018869
0.648630 -0.018435
0.656096 -0.018005
0.663527 -0.017579
0.670920 -0.017159
0.678273 -0.016742
0.685584 -0.016331
0.692853 -0.015925
0.700075 -0.015525
0.707251 -0.015129
0.714378 -0.014739
0.721454 -0.014355
0.728478 -0.013977
0.735447 -0.013604
0.742360 -0.013237
0.749215 -0.012876
0.756011 -0.012522
0.762745 -0.012173
0.769416 -0.011830
0.776022 -0.011493
0.782561 -0.011163
0.789032 -0.010839
0.795433 -0.010520
0.801763 -0.010208
0.808019 -0.009902
0.814200 -0.009602
0.820304 -0.009308
0.826331 -0.009021
0.832277 -0.008739
0.838142 -0.008463
0.843924 -0.008193
0.849622 -0.007929
0.855234 -0.007671
0.860758 -0.007419
0.866193 -0.007173
0.871538 -0.006932
0.876790 -0.006697
0.881950 -0.006468
0.887015 -0.006244
0.891984 -0.006026
0.896855 -0.005813
0.901628 -0.005606
0.906301 -0.005405
0.910872 -0.005209
0.915341 -0.005018
0.919706 -0.004832
0.923966 -0.004652
0.928121 -0.004477
0.932167 -0.004308
0.936106 -0.004143
0.939934 -0.003984
0.943653 -0.003830
0.947259 -0.003681
0.950754 -0.003537
0.954134 -0.003399
0.957400 -0.003265
0.960551 -0.003137
0.963585 -0.003013
0.966502 -0.002895
0.969301 -0.002781
0.971982 -0.002673
0.974543 -0.002570
0.976983 -0.002472
0.979303 -0.002378
0.981501 -0.002290
0.983577 -0.002207
0.985530 -0.002129
0.987359 -0.002056
0.989065 -0.001988
0.990646 -0.001925
0.992103 -0.001867
0.993434 -0.001814
0.994640 -0.001766
0.995719 -0.001723
0.996673 -0.001685
0.997500 -0.001652
0.998200 -0.001624
0.998773 -0.001602
0.999218 -0.001584
0.999537 -0.001571
0.999728 -0.001564
0.999792 -0.001561
